2091,306 
1100,688 
354,9031 
261,8902 
252,9453 
245,8137 
239,891 
234,5604 
232,3175 
229,1308 
223,6542 
220,5948 
218,8486 
217,6723 
216,7408 
213,7298 
212,8694 
213,0096 
212,148 
210,1815 
210,528 
210,4884 
209,0349 
206,536 
206,8682 
206,6822 
204,4738 
202,6597 
203,7053 
203,7466 
203,4968 
202,9001 
204,0795 
204,6084 
204,2068 
204,1767 
204,8523 
205,7046 
205,6494 
206,1588 
204,7172 
205,4105 
205,3578 
204,2653 
202,5811 
203,2093 
202,75 
203,4938 
203,2066 
204,0026 
203,9851 
205,0383 
204,1719 
201,4509 
201,8534 
201,9712 
201,0854 
199,5179 
197,6909 
197,4282 
194,3858 
193,5157 
193,9799 
190,2382 
190,8757 
190,16 
189,6768 
188,5724 
188,5034 
187,3094 
187,9412 
185,2081 
185,8032 
185,4075 
184,7824 
186,6858 
188,3025 
190,0138 
189,9563 
190,8175 
191,7377 
192,4967 
192,1324 
193,7744 
195,4253 
195,0568 
194,9386 
194,9436 
195,2816 
196,8838 
196,2661 
196,2685 
197,6962 
199,0395 
197,7877 
198,6293 
200,1127 
201,1767 
197,941 
197,5965 
198,3164 
198,0197 
197,0742 
198,2255 
199,1717 
199,5847 
197,5143 
199,0283 
198,2994 
199,4638 
198,4077 
199,2637 
199,855 
200,5952 
200,1217 
199,8352 
200,7109 
201,6389 
198,7991 
199,2491 
200,5471 
201,5071 
200,3156 
201,2141 
202,5243 
203,2091 
200,7675 
201,7928 
202,2596 
202,9951 
200,9318 
200,2671 
200,6284 
200,4866 
200,2363 
201,0087 
201,9016 
202,1098 
199,0784 
199,8373 
199,9722 
200,3737 
199,5049 
200,2801 
201,0642 
201,1448 
199,5475 
199,3384 
199,8739 
200,1341 
199,6767 
199,3158 
199,8378 
199,035 
196,1893 
195,608 
195,3259 
195,507 
190,6238 
191,2993 
191,011 
190,0349 
187,1919 
186,9529 
187,482 
185,8784 
186,2307 
186,4758 
186,9171 
184,8587 
184,0199 
185,1086 
183,7208 
184,248 
185,557 
186,5128 
184,6444 
184,8721 
185,4376 
184,0982 
182,4742 
183,4407 
183,4738 
182,8641 
185,4074 
186,471 
187,4531 
183,9469 
185,635 
187,9645 
189,9368 
190,8558 
192,2895 
193,4935 
194,1442 
192,9441 
193,7717 
195,0667 
196,4696 
195,7636 
196,9469 
197,6491 
196,3867 
193,5728 
194,7946 
193,8409 
179,2393 
177,8195 
180,2977 
183,1483 
182,3181 
183,4577 
185,998 
188,6062 
187,1921 
188,5563 
189,3215 
189,0835 
187,7553 
188,0515 
187,8758 
186,3316 
186,6487 
187,3486 
186,8967 
185,5169 
186,3183 
187,3423 
187,44 
185,0427 
185,6265 
186,1339 
184,9565 
183,9561 
185,0727 
184,784 
183,3721 
183,7968 
184,202 
184,2723 
182,5145 
181,8928 
182,3876 
182,4792 
182,9559 
183,4502 
183,4976 
182,4007 
182,2223 
184,0583 
177,7716 
174,4736 
177,3709 
179,8072 
176,824 
179,9782 
182,8252 
185,1507 
185,6643 
187,2583 
188,4717 
190,1939 
190,9478 
190,22 
192,3416 
194,3232 
193,0186 
194,0386 
195,6403 
196,8694 
195,756 
196,4606 
196,9837 
198,1499 
197,5884 
198,9985 
199,6754 
200,7087 
199,3183 
200,8621 
200,6402 
201,7072 
200,5031 
201,9481 
202,5907 
202,7511 
201,9615 
202,7322 
203,8672 
204,3281 
203,5263 
204,3171 
205,207 
205,6261 
202,2958 
202,8105 
203,6855 
203,5969 
201,7598 
202,0439 
202,1363 
202,8816 
201,6314 
201,3576 
201,9235 
202,4815 
201,5373 
201,0658 
202,4486 
203,3602 
204,3066 
203,1045 
203,0949 
204,0526 
203,8052 
202,4787 
202,6666 
202,8228 
203,8287 
202,0854 
202,7854 
203,5321 
204,304 
203,9651 
204,4321 
203,403 
204,0477 
177,2351 
174,4582 
175,144 
178,1776 
180,9155 
182,7687 
183,8138 
186,4903 
189,139 
189,7297 
189,8012 
191,9024 
193,4511 
195,0048 
195,3274 
196,5683 
196,9776 
197,9564 
196,6686 
197,5532 
199,0571 
200,055 
197,9852 
199,1526 
200,6635 
201,7549 
200,0961 
197,1858 
197,4371 
198,3614 
197,8281 
198,911 
199,7305 
200,0856 
199,3201 
200,6014 
201,5146 
201,4165 
194,4465 
191,3223 
188,4586 
182,1562 
181,2426 
181,8179 
182,0503 
181,4863 
181,9564 
182,0528 
182,5314 
181,423 
182,0074 
183,3519 
182,2173 
182,3846 
184,6253 
184,5019 
184,4811 
186,3225 
187,6133 
187,9292 
187,2906 
188,9271 
190,7944 
191,3393 
191,3152 
193,0052 
194,1111 
194,4009 
193,3481 
195,4402 
195,9758 
197 
196,5228 
197,0415 
198,5815 
198,7505 
187,3122 
181,9633 
184,509 
182,5706 
183,6932 
183,7245 
171,7779 
170,7329 
172,3617 
173,983 
174,8671 
175,9053 
177,5717 
176,5195 
177,5961 
178,3647 
180,1574 
178,407 
179,3978 
180,3939 
181,8175 
180,0099 
179,9968 
181,4919 
180,2585 
178,8505 
177,8273 
177,9308 
176,6152 
176,3487 
176,7801 
176,3724 
177,6181 
179,5489 
181,5949 
179,4667 
181,6066 
180,9467 
182,895 
181,9973 
182,7329 
184,7475 
184,1532 
185,956 
186,5096 
186,8105 
186,6362 
189,1251 
188,3706 
189,0954 
188,1736 
188,9228 
189,1599 
190,8984 
189,4126 
189,6892 
190,0525 
191,0857 
189,1533 
188,747 
188,6904 
186,671 
186,5997 
186,3152 
185,7788 
185,0063 
185,0143 
184,8118 
185,5154 
184,6756 
185,3225 
184,8685 
183,3898 
183,8885 
184,4198 
184,8617 
182,8597 
182,4143 
168,807 
168,831 
171,6204 
172,7807 
171,733 
156,452 
157,2033 
157,447 
159,5159 
151,728 
149,1489 
152,4103 
155,1934 
156,9239 
160,2021 
162,8682 
159,9053 
160,424 
162,7946 
165,4898 
167,9277 
171,5958 
166,9847 
164,2571 
162,9234 
167,0311 
170,5388 
172,077 
174,7758 
177,3165 
178,6215 
177,579 
177,4803 
178,3881 
178,1499 
178,3595 
179,4092 
180,5525 
179,1184 
179,9015 
180,303 
181,7634 
166,9571 
167,6456 
156,1307 
159,1614 
161,5622 
161,8566 
163,9506 
166,3847 
168,0042 
168,0351 
170,3565 
171,2009 
170,9936 
172,4497 
172,4529 
173,7974 
173,7256 
174,8116 
176,608 
177,4625 
176,2079 
177,8258 
178,273 
176,7722 
179,4473 
182,3008 
182,9299 
184,2527 
187,1357 
189,3999 
190,2106 
190,7255 
191,1957 
190,6622 
191,1387 
188,8174 
188,3183 
189,2025 
189,0728 
186,7371 
186,962 
187,7983 
186,1305 
186,284 
187,9737 
189,093 
189,1327 
191,177 
193,0722 
193,3208 
193,5946 
194,1883 
195,2284 
196,906 
196,6809 
196,6723 
197,8897 
184,3968 
185,1924 
187,7624 
189,9349 
191,7091 
191,6872 
193,6221 
195,5375 
196,2324 
194,8111 
196,0469 
196,6221 
195,1353 
193,2086 
193,1196 
193,0683 
184,3952 
184,5345 
185,6529 
186,1831 
185,1399 
185,8509 
179,2528 
178,1622 
179,8042 
181,4314 
182,1337 
175,3588 
178,1977 
180,6858 
180,8517 
182,94 
184,0175 
186,4433 
180,156 
182,7783 
184,7579 
187,3035 
186,9607 
188,3113 
182,0194 
183,7463 
182,4249 
179,2083 
174,6186 
174,5347 
176,1553 
176,9045 
175,9179 
176,3381 
177,237 
178,1447 
176,9663 
177,8545 
179,4863 
180,9886 
180,6505 
181,3903 
182,5081 
182,0874 
183,62 
184,4359 
185,603 
184,46 
185,0938 
185,9531 
186,5045 
185,3142 
186,4359 
186,3395 
186,9374 
185,7384 
186,0644 
187,6896 
190,0458 
188,0968 
189,8661 
192,1018 
193,0872 
191,913 
193,7521 
195,0123 
196,0644 
195,9295 
195,5256 
195,515 
195,0406 
192,5382 
192,4592 
192,1154 
191,3317 
191,2436 
190,6287 
191,141 
187,1802 
187,6767 
189,9884 
191,908 
190,9983 
192,1874 
193,862 
194,4161 
194,2956 
195,0985 
196,4688 
197,6957 
196,1846 
197,333 
195,4267 
196,6967 
196,0246 
188,6301 
185,2129 
185,8987 
187,9344 
189,4163 
191,4653 
191,1954 
193,1022 
194,1814 
195,1942 
194,9891 
195,558 
195,7148 
195,2035 
193,5463 
195,1288 
196,1901 
197,1419 
196,9357 
197,5457 
198,5373 
199,576 
197,8775 
199,097 
200,3181 
201,1237 
198,9991 
198,2745 
199,36 
199,8399 
198,4948 
199,4991 
199,0585 
199,6688 
197,4406 
198,3559 
197,1874 
195,7726 
193,1676 
191,7125 
192,0658 
190,285 
190,0849 
190,9418 
193,0797 
190,842 
191,5858 
193,407 
194,8524 
194,1167 
195,3065 
196,4783 
197,1011 
192,0084 
189,3543 
190,9934 
191,9443 
191,4355 
192,7699 
194,7648 
196,1777 
194,3976 
193,8335 
194,6813 
196,0638 
194,4881 
195,2068 
195,9952 
196,3734 
195,6681 
196,2067 
196,1181 
197,0648 
196,1813 
196,339 
195,5172 
196,6141 
194,7452 
194,9145 
195,3835 
186,3695 
183,3992 
185,5505 
187,7275 
187,8021 
189,2592 
191,6799 
191,9939 
191,7473 
193,6349 
195,0469 
196,3034 
195,1398 
171,4705 
173,0596 
175,5935 
177,7615 
180,7353 
182,1279 
183,5124 
186,2142 
188,1289 
187,9514 
189,7612 
192,0166 
193,7517 
194,3842 
193,9283 
195,08 
195,8415 
196,278 
195,9596 
197,3526 
198,1027 
198,364 
196,8111 
197,9092 
198,7538 
199,8563 
199,1887 
200,1445 
201,3616 
202,2359 
199,4678 
199,7134 
199,9349 
198,5106 
196,7546 
197,9506 
198,2326 
197,8732 
198,9121 
199,9143 
199,6252 
199,7675 
199,0946 
199,9231 
200,8302 
200,5532 
199,5272 
200,71 
201,7747 
202,8995 
201,231 
200,9807 
201,1387 
200,9479 
199,5023 
200,2866 
201,0099 
201,9226 
200,3124 
199,9303 
200,5319 
201,5189 
200,3597 
200,2323 
200,9428 
201,9853 
200,6376 
201,6467 
197,0839 
193,1328 
193,0004 
193,8303 
194,3658 
193,5215 
194,9472 
195,8916 
196,9353 
196,2394 
197,4133 
198,5201 
199,0134 
198,4494 
198,7277 
199,6713 
201,0351 
199,7184 
199,6548 
200,8576 
201,716 
200,5873 
201,1043 
201,576 
201,6284 
199,2799 
199,6945 
200,8833 
201,5145 
200,5016 
200,931 
201,1033 
200,7165 
191,7944 
188,557 
190,7675 
192,3223 
190,7551 
191,681 
193,1393 
193,6705 
190,8135 
191,6933 
192,2999 
192,1355 
191,5275 
192,2606 
192,3063 
191,0813 
191,435 
192,993 
193,8972 
192,346 
194,3133 
195,9303 
197,2336 
195,9767 
196,5084 
196,9326 
198,3604 
197,0518 
197,4772 
198,2507 
198,9572 
197,0538 
198,1296 
198,5932 
197,7094 
197,7267 
199,4667 
199,7651 
201,0053 
199,6517 
201,0066 
200,6125 
200,8669 
199,3077 
198,997 
200,2338 
201,4937 
199,1555 
200,229 
201,3947 
202,4404 
200,2971 
200,8962 
201,5798 
201,3087 
198,0757 
196,5738 
196,0841 
195,239 
192,6324 
191,5573 
186,2418 
182,0523 
179,8987 
180,8771 
181,4344 
180,5611 
181,8237 
182,3746 
182,6942 
181,549 
181,0358 
176,4558 
173,1015 
171,0237 
168,7349 
166,309 
165,4714 
164,8555 
161,2891 
160,8876 
156,0269 
151,3188 
151,4452 
151,7932 
150,6171 
150,6338 
151,4538 
151,0682 
151,841 
153,16 
151,8518 
155,5875 
146,1098 
145,7014 
146,9129 
146,4738 
146,8956 
146,6631 
145,6051 
149,1984 
152,1492 
155,3344 
156,9693 
158,7224 
157,2467 
155,7278 
158,1676 
160,5096 
161,6345 
163,9893 
166,7808 
169,4676 
169,9671 
173,0894 
174,7279 
176,2047 
176,698 
178,5919 
178,5726 
180,0781 
179,51 
179,8976 
180,602 
181,0203 
181,6742 
182,7037 
183,6824 
183,5691 
184,0632 
184,5987 
185,2229 
183,6068 
184,2813 
185,3593 
185,5726 
184,6397 
184,4662 
183,6189 
182,0878 
178,1388 
174,6392 
175,6351 
178,3969 
181,3423 
183,1113 
183,4024 
184,6124 
186,4994 
188,84