0 
0 
0 
0 
0 
0 
0 
0 
0 
0 
0 
0 
0 
0 
0 
0 
0 
0 
0 
0 
0 
0 
0 
0 
0 
0 
0 
0 
0 
0 
0 
0 
0 
0 
0 
0 
0 
0 
0 
0 
0 
0 
0 
0 
0 
0 
0 
0 
0 
0 
0 
0 
0 
0 
0 
0 
0 
0 
0 
0 
0 
0 
0 
0 
0 
0 
0 
0 
0 
0 
0 
0 
0 
0 
0 
0 
0 
0 
0 
0 
0 
0 
0 
0 
0 
0 
0 
0 
0 
0 
32,51563 
34,98853 
31,73996 
31,73996 
31,73996 
30,77246 
30,77246 
30,77246 
31,76329 
31,76329 
31,76329 
30,66788 
30,66788 
30,66788 
30,3344 
29,2926 
27,63102 
27,63102 
27,63102 
26,80215 
26,80215 
25,70188 
25,70188 
25,70188 
24,36414 
24,36414 
27,19363 
27,19363 
25,91942 
35,87766 
35,87766 
35,87766 
33,03134 
30,40242 
30,40242 
28,72712 
28,72712 
27,51123 
27,51123 
27,51123 
26,94732 
25,45391 
25,45391 
25,45391 
25,02217 
24,0194 
24,0194 
23,01698 
23,01698 
22,38985 
22,38985 
21,84112 
21,84112 
21,84112 
20,98598 
23,11273 
23,11273 
23,11273 
23,11273 
24,96131 
24,96131 
24,96131 
29,95455 
29,95455 
28,33523 
28,33523 
27,29333 
27,29333 
27,29333 
27,29333 
27,13166 
27,13166 
26,8652 
26,8652 
24,19367 
24,19367 
24,19367 
27,04446 
27,04446 
26,66391 
26,66391 
26,20592 
26,20592 
25,80518 
25,80518 
25,80518 
26,20453 
26,55396 
24,73472 
22,76788 
22,76788 
22,76788 
22,04689 
22,04689 
21,29103 
21,29103 
20,75465 
20,75465 
20,28532 
20,28532 
19,87466 
19,87466 
19,87466 
19,87466 
21,39032 
21,46653 
24,03322 
27,79106 
27,79106 
26,19217 
26,19217 
25,66815 
25,66815 
25,58463 
25,58463 
25,13655 
23,49449 
23,49449 
23,49449 
23,49449 
23,93267 
23,93267 
23,56609 
23,56609 
22,60529 
38,65092 
38,65092 
35,69456 
35,69456 
34,23274 
34,23274 
34,23274 
32,42819 
32,42819 
30,49966 
30,49966 
29,56221 
29,56221 
27,86693 
26,00856 
26,00856 
23,75749 
23,75749 
23,75749 
22,53781 
22,53781 
34,1767 
34,1767 
31,65461 
31,65461 
29,57278 
27,12619 
27,12619 
27,12619 
25,48541 
25,48541 
24,04974 
24,04974 
24,04974 
23,16852 
23,16852 
23,52245 
23,52245 
22,33215 
24,29063 
24,29063 
24,29063 
24,29063 
23,6293 
23,6293 
22,30064 
22,30064 
21,13806 
21,13806 
19,8708 
30,38695 
40,71358 
40,71358 
38,62438 
36,42133 
33,86867 
35,26009 
35,26009 
35,26009 
35,26009 
35,26009 
34,60258 
33,15226 
33,15226 
31,75822 
29,78845 
29,78845 
31,31489 
31,31489 
31,31489 
31,31489 
29,77553 
27,30359 
33,39064 
30,96681 
30,34596 
30,34596 
29,55271 
29,55271 
28,14192 
28,14192 
27,24918 
27,24918 
25,84303 
24,73765 
24,73765 
23,89545 
23,89545 
22,78352 
22,31058 
22,31058 
21,27176 
21,27176 
21,27176 
33,46721 
33,46721 
33,46721 
31,90881 
31,90881 
31,90881 
33,1702 
34,36469 
34,36469 
32,1941 
32,1941 
29,79484 
29,79484 
29,79484 
27,82048 
27,82048 
26,09292 
26,09292 
26,09292 
24,70631 
24,70631 
23,36802 
23,36802 
23,36802 
22,94702 
21,82864 
21,82864 
21,82864 
21,82193 
21,82193 
20,84418 
20,84418 
20,11366 
23,47445 
23,47445 
21,54015 
21,54015 
20,72263 
20,72263 
20,72263 
19,7573 
19,7573 
19,66264 
19,66264 
19,07981 
19,07981 
18,44483 
18,44483 
18,44483 
18,01423 
18,01423 
17,38745 
17,38745 
21,99977 
21,99977 
20,7498 
20,7498 
19,65607 
19,65607 
19,65607 
18,69906 
18,69906 
18,69906 
17,86168 
17,86168 
17,86168 
17,75397 
17,75397 
17,75397 
17,65972 
17,65972 
17,65972 
17,57726 
17,57726 
17,57726 
17,5051 
17,5051 
17,5051 
17,44196 
17,44196 
17,44196 
17,38672 
17,38672 
17,38672 
17,33838 
17,33838 
17,33838 
17,29608 
17,29608 
17,29608 
17,25907 
17,25907 
17,25907 
18,10169 
16,83898 
16,83898 
16,83898 
16,85911 
16,85911 
16,85911 
17,00172 
17,00172 
17,00172 
17,1265 
17,1265 
16,36069 
16,36069 
16,36069 
15,81561 
15,81561 
15,81561 
16,08865 
16,08865 
16,08865 
16,20257 
18,17725 
17,03009 
17,03009 
16,40133 
16,40133 
16,40133 
16,47617 
16,47617 
16,47617 
16,54165 
16,54165 
16,54165 
16,59894 
16,59894 
16,59894 
16,77407 
16,77407 
16,77407 
16,92731 
16,92731 
16,3114 
16,3114 
16,3114 
15,77248 
15,77248 
15,77248 
15,92592 
15,92592 
15,92592 
16,06018 
16,06018 
16,06018 
16,17765 
16,17765 
16,17765 
16,28045 
16,28045 
16,28045 
16,24539 
16,24539 
16,24539 
16,33972 
16,33972 
16,33972 
16,42225 
16,42225 
16,42225 
16,49447 
16,49447 
16,49447 
16,68266 
16,68266 
16,68266 
16,84733 
16,84733 
16,84733 
16,99141 
16,99141 
16,99141 
16,99249 
16,99249 
16,99249 
16,99343 
16,99343 
16,99343 
17,24425 
17,24425 
17,24425 
15,96372 
15,96372 
17,84325 
17,84325 
17,84325 
17,73785 
17,73785 
17,73785 
17,64561 
17,64561 
17,64561 
17,43991 
17,43991 
17,43991 
17,50992 
17,50992 
17,50992 
17,44618 
17,44618 
17,44618 
17,39041 
17,39041 
17,39041 
17,34161 
17,34161 
17,34161 
17,42391 
17,42391 
17,42391 
17,49592 
17,49592 
17,49592 
17,55893 
17,55893 
17,55893 
17,48906 
17,48906 
17,48906 
17,55293 
17,55293 
16,85881 
16,85881 
16,85881 
16,25146 
16,25146 
16,25146 
15,72003 
15,72003 
15,72003 
15,88003 
15,88003 
15,88003 
16,14502 
16,14502 
16,14502 
16,3769 
16,3769 
16,3769 
16,45478 
16,45478 
16,45478 
16,52294 
16,52294 
16,52294 
16,70757 
16,70757 
16,70757 
16,74412 
16,74412 
16,74412 
16,77611 
16,77611 
16,80409 
16,80409 
16,80409 
17,07858 
17,07858 
16,44376 
16,44376 
16,44376 
15,88829 
15,88829 
15,88829 
16,40225 
16,40225 
16,40225 
16,47697 
16,47697 
16,47697 
16,66735 
16,66735 
16,08393 
16,08393 
16,08393 
15,57344 
15,57344 
15,57344 
15,75176 
15,75176 
15,75176 
15,90779 
15,90779 
15,90779 
16,04432 
16,04432 
16,04432 
16,16378 
16,16378 
16,16378 
16,2683 
16,2683 
16,2683 
16,35977 
16,35977 
16,35977 
16,4398 
16,4398 
16,4398 
16,63482 
16,63482 
16,63482 
16,80547 
16,80547 
16,80547 
16,95479 
16,95479 
16,95479 
16,96044 
16,96044 
16,96044 
17,09038 
17,09038 
16,57909 
16,57909 
16,57909 
16,0067 
16,0067 
16,0067 
16,13086 
16,13086 
16,13086 
16,23951 
16,23951 
16,23951 
16,33457 
16,33457 
16,33457 
16,29275 
16,29275 
16,29275 
16,38115 
16,38115 
16,38115 
16,45851 
16,45851 
16,45851 
16,5262 
16,5262 
16,5262 
16,71042 
16,71042 
16,71042 
16,74662 
16,74662 
16,74662 
16,65329 
16,65329 
16,65329 
16,69663 
16,69663 
16,69663 
16,85955 
16,85955 
16,85955 
16,87711 
16,87711 
16,87711 
16,89247 
16,89247 
16,89247 
16,90591 
16,90591 
16,90591 
16,79267 
16,79267 
16,79267 
16,94359 
16,94359 
16,45064 
16,45064 
16,45064 
16,76931 
16,76931 
16,54815 
16,54815 
16,54815 
17,10463 
17,10463 
16,71655 
16,71655 
16,71655 
17,12698 
17,12698 
16,61111 
16,61111 
16,61111 
16,90972 
16,90972 
16,90972 
17,046 
17,046 
16,41525 
16,41525 
16,41525 
16,48835 
16,48835 
16,48835 
16,8023 
16,8023 
16,8023 
17,07701 
17,07701 
16,56739 
16,56739 
16,56739 
16,87146 
16,87146 
16,87146 
17,13753 
17,13753 
16,62034 
16,62034 
16,62034 
16,6678 
16,6678 
16,6678 
17,08432 
17,08432 
16,94878 
16,94878 
16,70518 
16,70518 
16,70518 
17,36704 
17,36704 
16,69616 
16,69616 
16,69616 
16,98414 
16,98414 
16,98414 
17,11112 
17,11112 
16,47223 
16,47223 
16,47223 
16,6632 
16,6632 
16,6632 
16,8303 
16,8303 
16,8303 
16,97651 
16,97651 
16,97651 
17,10445 
17,10445 
16,59139 
16,59139 
16,59139 
16,01747 
16,01747 
16,01747 
16,14029 
16,14029 
16,14029 
16,37275 
16,37275 
16,37275 
16,57616 
16,57616 
16,57616 
16,75414 
16,75414 
16,75414 
16,90987 
16,90987 
16,90987 
16,92114 
16,92114 
16,92114 
16,931 
16,931 
16,931 
16,93962 
16,93962 
16,93962 
16,94717 
16,94717 
16,94717 
16,95377 
16,95377 
16,95377 
17,08455 
17,08455 
17,08455 
17,07398 
17,07398 
17,07398 
17,18974 
17,18974 
17,18974 
17,29102 
17,29102 
16,62964 
16,62964 
16,62964 
16,67594 
16,67594 
16,67594 
16,96645 
16,96645 
16,96645 
16,97064 
16,97064 
16,97064 
16,97431 
16,97431 
16,97431 
17,10252 
17,10252 
17,10252 
17,2147 
17,2147 
17,2147 
17,18787 
17,18787 
17,18787 
17,16438 
17,16438 
17,16438 
17,14384 
17,14384 
17,25085 
17,25085 
22,47331 
22,47331 
21,16415 
21,16415 
20,14363 
20,14363 
20,14363 
19,75067 
19,75067 
19,75067 
19,40684 
19,40684 
19,40684 
19,10598 
19,10598 
19,10598 
19,09274 
19,09274 
19,09274 
18,95614 
18,95614 
18,95614 
18,71162 
18,71162 
18,71162 
18,37267 
18,37267 
18,37267 
18,32609 
18,32609 
17,78533 
17,78533 
17,78533 
18,06216 
18,06216 
18,06216 
18,05439 
18,05439 
18,05439 
17,92259 
17,92259 
17,92259 
17,80727 
17,80727 
17,08136 
17,08136 
17,08136 
16,57119 
16,57119 
16,57119 
16,62479 
16,62479 
16,62479 
16,67169 
16,67169 
16,67169 
16,71273 
16,71273 
16,71273 
16,62364 
16,62364 
16,62364 
17,17068 
17,17068 
16,52435 
16,52435 
16,52435 
15,9588 
15,9588 
15,9588 
16,08895 
16,08895 
16,08895 
16,32784 
16,32784 
16,32784 
16,66186 
16,66186 
16,66186 
17,07912 
17,07912 
16,44423 
16,44423 
16,44423 
16,7637 
16,7637 
16,7637 
16,91824 
16,91824 
16,30346 
16,30346 
16,30346 
15,76553 
15,76553 
15,76553 
16,16984 
16,16984 
16,16984 
16,52361 
16,52361 
16,33316 
16,33316 
16,04151 
16,04151 
16,04151 
16,28632 
16,28632 
16,28632 
16,62553 
16,62553 
16,29734 
16,29734 
16,29734 
15,76017 
15,76017 
15,76017 
16,04015 
16,04015 
16,04015 
16,41013 
16,41013 
16,10887 
16,10887 
16,10887 
16,47026 
16,47026 
16,47026 
16,66148 
16,66148 
16,95379 
16,95379 
16,45957 
16,45957 
16,45957 
16,77712 
16,77712 
16,30498 
16,30498 
16,30498 
16,64186 
16,64186 
16,31163 
16,31163 
16,31163 
15,89767 
15,89767 
15,89767 
16,28546 
16,28546 
16,37478 
16,37478 
16,07793 
16,07793 
16,07793 
16,31819 
16,31819 
16,31819 
16,65342 
16,65342 
16,65342 
16,82174 
16,82174 
16,21902 
16,21902 
16,21902 
15,69164 
15,69164 
15,69164 
16,23019 
16,23019 
16,07641 
16,07641 
16,07641 
16,44186 
16,44186 
16,13663 
16,13663 
16,13663 
15,74455 
15,74455 
15,74455 
16,27648 
16,27648 
15,86692 
15,86692 
15,86692 
16,25855 
16,25855 
15,85124 
15,85124 
15,85124 
16,24483 
16,24483 
16,24483 
16,24483 
17,46423 
17,1562 
17,1562 
16,76167 
16,76167 
16,76167 
17,29147 
17,29147 
16,88003 
16,88003 
16,88003 
17,39503 
17,39503 
16,97065 
16,97065 
16,59932 
16,59932 
16,59932 
17,0244 
17,0244 
16,39635 
16,39635 
16,39635 
16,47181 
16,47181 
16,47181 
16,66283 
16,66283 
16,66283 
16,82998 
16,82998 
16,82998 
16,85123 
16,85123 
16,85123 
16,99483 
16,99483 
16,99483 
16,87047 
16,87047 
16,87047 
17,01167 
17,01167 
17,01167 
17,01021 
17,01021 
17,01021 
17,38393 
17,38393 
16,83594 
16,83594 
16,83594 
16,85645 
16,85645 
16,85645 
16,87439 
16,87439 
16,87439 
17,01509 
17,01509 
16,51321 
16,51321 
16,51321 
15,94906 
15,94906 
15,94906 
16,20543 
16,20543 
16,20543 
16,30475 
16,30475 
16,30475 
16,39165 
16,39165 
16,39165 
16,5927 
16,5927 
16,51861 
16,51861 
16,51861 
16,95378 
16,95378 
16,33456 
16,33456 
16,33456 
15,79274 
15,79274 
15,79274 
16,06865 
16,06865 
16,06865 
16,43507 
16,43507 
16,43507 
16,75568 
16,75568 
16,75568 
17,03622 
17,03622 
16,5317 
16,5317 
16,34023 
16,34023 
16,34023 
15,92271 
15,92271 
15,92271 
16,30737 
16,30737 
16,01895 
16,01895 
16,01895 
16,51658 
16,51658 
16,20201 
16,20201 
16,20201 
16,42676 
16,42676 
16,42676 
16,62341 
16,62341 
16,17048 
16,17048 
16,17048 
15,64917 
15,64917 
15,64917 
16,06803 
16,06803 
16,18452 
16,18452 
16,18452 
16,53646 
16,53646 
16,0944 
16,0944 
16,0944 
16,4576 
16,4576 
16,4576 
16,7754 
16,7754 
16,30348 
16,30348 
16,30348 
16,64054 
16,64054 
16,64054 
16,81047 
16,81047 
16,33417 
16,33417 
16,33417 
15,66739 
15,66739 
15,66739 
16,33397 
16,33397 
16,04222 
16,04222 
16,04222 
16,41195 
16,41195 
16,11045 
16,11045 
16,11045 
16,97165 
16,97165 
16,47519 
16,47519 
16,16579 
16,16579 
16,16579 
15,89507 
15,89507 
15,89507 
16,28318 
16,28318 
16,12279 
16,12279 
16,10744 
16,10744 
16,10744 
16,59401 
16,59401 
16,26976 
16,26976 
16,23604 
16,23604 
16,58153 
16,58153 
16,58153 
16,88384 
16,88384 
16,64836 
16,64836 
16,31732 
16,31732 
16,31732 
16,02765 
16,02765 
16,02765 
16,3992 
16,3992 
16,3992 
16,7243 
16,7243 
16,38376 
21,80944 
20,20826 
20,20826 
20,20826 
19,93223 
19,93223 
19,93223 
19,5657 
19,5657 
19,5657 
19,24499 
19,24499 
19,24499 
18,96436 
18,96436 
18,96436 
18,84382 
18,84382 
18,11334 
18,11334 
18,11334 
17,97417 
17,97417 
17,97417 
17,8524 
17,8524 
17,8524 
18,49585 
18,49585 
18,05887 
18,05887 
17,55151 
17,55151 
17,55151 
17,98257 
17,98257 
17,48475 
17,48475 
17,48475 
17,67416 
17,67416 
17,21489 
17,21489 
16,81302 
16,81302 
16,81302 
16,3364 
16,3364 
16,3364 
16,79435 
16,79435 
16,44505 
16,44505 
16,44505 
16,76442 
16,76442 
16,41887 
16,41887 
16,11651 
16,11651 
16,11651 
15,72695 
15,72695 
15,51108 
15,51108 
15,51108 
15,32219 
15,32219 
15,28192 
15,28192 
15,28192 
15,74668 
15,74668 
15,74668 
16,27834 
16,27834 
15,99355 
15,99355 
15,99355 
16,49436 
16,49436 
16,05756 
16,05756 
16,05756 
16,55037 
16,55037 
16,35657 
16,35657 
16,35657 
16,812 
16,812 
16,4605 
16,4605 
16,4605 
16,90294 
16,90294 
16,90294 
17,04007 
17,04007 
16,53506 
16,53506 
16,53506 
16,96818 
16,96818 
16,47216 
16,47216 
16,47216 
16,91314 
16,91314 
16,549 
16,549 
16,549 
16,98037 
16,98037 
16,60783 
16,60783 
16,53185 
16,53185 
16,71537 
16,71537 
16,71537 
17,00095 
17,00095 
16,62583 
16,62583 
16,62583 
16,9226 
16,9226 
16,68227 
16,68227 
16,34699 
16,34699 
16,34699 
16,80362 
16,80362 
16,32816 
16,32816 
16,32816 
17,03714 
17,03714 
16,5325 
16,5325 
16,5325 
17,21594 
17,21594 
16,81395 
16,81395 
16,5872 
16,5872 
17,0138 
17,0138 
17,0138 
17,88708 
17,40119 
17,40119 
17,40119 
17,35104 
17,35104 
17,35104 
17,55716 
17,55716 
17,55716 
17,73752 
17,73752 
17,02033 
17,02033 
17,02033 
16,51779 
16,51779 
16,51779 
16,82806 
16,82806 
16,34956 
16,34956 
16,34956 
15,80586 
15,80586 
15,80586 
16,08013 
16,08013 
16,08013 
16,44511 
16,44511 
16,01447 
16,01447 
16,01447 
16,26266 
16,26266 
16,26266 
16,60483 
16,60483 
16,27923 
16,27923 
16,27923 
15,86932 
15,86932 
15,86932 
16,26066 
16,26066 
15,85308 
15,85308 
15,85308 
16,37144 
16,37144 
16,07501 
16,07501 
16,07501 
16,31563 
16,31563 
16,31563 
16,77618 
16,77618 
16,42916 
16,42916 
16,42916 
16,75051 
16,75051 
16,1567 
16,1567 
16,1567 
15,63711 
15,63711 
15,63711 
15,93247 
15,93247 
15,93247 
16,69091 
16,69091 
16,10455 
16,10455 
16,10455 
16,59148 
16,59148 
16,26755 
16,26755 
16,26755 
16,4841 
16,4841 
16,29859 
16,29859 
16,29859 
16,63626 
16,63626 
16,30673 
16,30673 
16,30673 
15,76839 
15,76839 
15,76839 
16,29734 
16,29734 
15,88517 
15,88517 
15,88517 
15,39953 
15,39953 
15,39953 
15,97459 
15,97459 
15,47776 
15,47776 
15,47776 
16,29304 
16,29304 
15,88141 
15,88141 
15,88141 
16,52124 
16,52124 
16,33108 
16,33108 
16,4147 
16,4147 
16,11286 
16,11286 
16,11286 
16,84875 
16,84875 
16,36766 
16,36766 
16,36766 
17,0717 
17,0717 
16,43774 
16,43774 
16,43774 
16,88302 
16,88302 
16,39764 
16,39764 
16,39764 
16,84793 
16,84793 
16,84793 
16,86694 
16,86694 
16,50858 
16,50858 
16,50858 
16,695 
16,695 
16,695 
17,10813 
17,10813 
16,46961 
16,46961 
16,46961 
16,91091 
16,91091 
16,29705 
16,29705 
16,29705 
16,75992 
16,75992 
16,75992 
17,03993 
17,03993 
16,90993 
16,90993 
16,42119 
16,42119 
16,42119 
16,36854 
16,36854 
15,94748 
15,94748 
15,95404 
15,95404 
15,95404 
16,58479 
16,01169 
16,01169 
16,01023 
16,01023 
15,25895 
15,25895 
15,22658 
15,22658 
15,57326 
15,57326 
15,57326 
16,1266 
16,1266 
16,11078 
16,11078 
15,84693 
15,84693 
15,86606 
15,86606 
15,86606 
16,1328 
16,1328 
15,9912 
15,9912 
15,9912 
16,4923 
16,4923 
16,43077 
16,43077 
16,43077 
16,87692 
16,87692 
16,76731 
16,76731 
16,29639 
16,29639 
16,29639 
16,38434 
16,38434 
16,2113 
16,2113 
16,30989 
16,30989 
16,02115 
16,02115 
16,01851 
16,01851 
16,01851 
16,51619 
16,07667 
16,07667 
16,07667 
15,81709 
15,81709 
16,08995 
16,08995 
15,82871 
15,82871 
22,60012 
20,00634 
20,00634 
19,13055 
19,13055 
18,73923 
18,73923 
18,73923 
18,89683 
18,89683 
18,53472 
18,53472 
17,84288 
17,84288 
16,98752 
16,98752 
16,98752 
16,48908 
16,48908 
16,48908 
17,05295 
17,05295 
17,05295 
17,17133 
17,171