0,2080893 
0,4161786 
0,4361786 
0,4478724 
0,4559053 
0,4626853 
0,4679949 
0,4747589 
0,4815228 
0,4981482 
0,5050035 
0,5177369 
0,5318993 
0,5404102 
0,5467038 
0,569566 
0,5764263 
0,581793 
0,5879396 
0,5984893 
0,604537 
0,6108144 
0,6163636 
0,6221309 
0,62846 
0,6411631 
0,6504334 
0,6557719 
0,6629538 
0,6720725 
0,6800077 
0,6851512 
0,6914998 
0,6976791 
0,7034513 
0,7135895 
0,7412171 
0,7478449 
0,7550161 
0,7614686 
0,7682048 
0,7901106 
0,7973969 
0,8038511 
0,8122053 
0,8178446 
0,8252119 
0,8308938 
0,8361281 
0,8442188 
0,8496484 
0,8550611 
0,8613015 
0,8667194 
0,8739877 
0,8878636 
0,895246 
0,9006737 
0,9060173 
0,9477218 
0,9547025 
0,9614099 
0,9668036 
0,9734936 
0,9870033 
0,9946285 
1,000536 
1,008276 
1,014317 
1,021787 
1,028357 
1,033692 
1,043174 
1,049536 
1,055073 
1,064145 
1,06956 
1,076965 
1,112893 
1,120333 
1,130733 
1,14278 
1,151811 
1,165509 
1,175794 
1,184621 
1,22873 
1,253886 
1,283256 
1,302984 
1,343225 
1,357113 
1,364695 
1,376436 
1,386051 
1,39386 
1,400241 
1,411155 
1,421875 
1,429363 
1,435294 
1,443055 
1,449404 
1,456066 
1,464741 
1,470767 
1,479242 
1,485222 
1,492718 
1,502904 
1,510376 
1,516839 
1,523082 
1,530881 
1,5376 
1,546869 
1,555978 
1,564606 
1,613283 
1,625517 
1,633503 
1,642163 
1,656122 
1,665168 
1,672832 
1,682322 
1,689557 
1,699253 
1,706447 
1,715412 
1,722184 
1,730167 
1,737059 
1,745529 
1,753168 
1,761861 
1,768815 
1,778312 
1,786215 
1,797231 
1,804015 
1,814926 
1,82173 
1,829953 
1,836715 
1,846116 
1,853165 
1,861265 
1,868042 
1,876198 
1,882833 
1,917733 
1,929479 
1,936742 
1,946089 
1,955218 
1,967175 
1,974621 
1,983191 
1,990105 
1,998964 
2,006151 
2,014794 
2,021997 
2,030192 
2,037929 
2,046424 
2,05404 
2,063485 
2,070511 
2,079512 
2,086777 
2,095366 
2,102125 
2,110491 
2,117475 
2,129534 
2,14171 
2,151528 
2,160583 
2,167484 
2,174571 
2,183244 
2,190624 
2,200244 
2,207703 
2,217092 
2,224489 
2,234018 
2,241954 
2,250645 
2,257566 
2,26558 
2,271972 
2,280503 
2,312694 
2,333881 
2,341977 
2,349935 
2,355782 
2,365573 
2,37358 
2,381892 
2,388014 
2,396953 
2,40759 
2,415262 
2,421288 
2,428529 
2,434677 
2,442881 
2,449058 
2,457865 
2,469579 
2,508175 
2,517133 
2,523446 
2,540716 
2,549982 
2,556427 
2,564562 
2,574135 
2,585967 
2,59283 
2,59959 
2,613197 
2,624775 
2,631773 
2,637606 
2,647805 
2,653934 
2,660809 
2,666584 
2,672406 
2,683352 
2,726654 
2,736117 
2,744554 
2,750206 
2,757519 
2,767823 
2,775483 
2,78309 
2,788844 
2,796087 
2,802196 
2,809795 
2,822118 
2,830497 
2,838256 
2,848661 
2,854319 
2,86227 
2,86863 
2,876632 
2,882637 
2,888194 
2,895266 
2,901649 
2,908577 
2,914047 
2,919608 
2,92815 
2,937032 
2,983276 
2,992612 
3,000658 
3,007495 
3,015345 
3,021309 
3,035654 
3,046375 
3,052931 
3,060544 
3,06704 
3,073936 
3,083322 
3,090082 
3,098334 
3,104514 
3,112289 
3,117931 
3,12552 
3,131357 
3,136734 
3,143853 
3,152521 
3,169125 
3,212891 
3,225538 
3,232911 
3,238975 
3,245658 
3,254824 
3,266284 
3,273748 
3,284534 
3,292774 
3,307437 
3,318608 
3,326126 
3,332648 
3,338351 
3,357674 
3,365198 
3,371409 
3,378676 
3,384241 
3,420666 
3,432743 
3,439011 
3,44695 
3,454144 
3,461159 
3,476331 
3,487927 
3,497557 
3,504772 
3,512608 
3,51817 
3,525766 
3,531687 
3,537545 
3,545643 
3,551704 
3,559604 
3,565478 
3,572192 
3,579633 
3,585317 
3,594028 
3,600316 
3,610334 
3,625864 
3,632949 
3,646963 
3,658865 
3,66656 
3,672407 
3,679979 
3,686327 
3,701985 
3,71324 
3,720083 
3,728785 
3,734831 
3,743956 
3,749907 
3,755738 
3,763519 
3,773082 
3,781474 
3,787536 
3,79636 
3,801906 
3,809159 
3,817053 
3,823453 
3,830374 
3,835805 
3,842884 
3,875548 
3,883837 
3,888945 
3,895931 
3,90132 
3,908033 
3,913725 
3,919027 
3,925698 
3,930988 
3,936109 
3,94282 
3,947792 
3,952873 
3,959418 
3,964485 
3,969718 
3,976296 
3,981309 
3,98641 
3,992914 
3,997833 
4,003046 
4,009695 
4,014778 
4,020183 
4,026675 
4,03171 
4,036992 
4,043485 
4,048587 
4,053824 
4,060597 
4,06624 
4,071314 
4,078276 
4,083354 
4,088407 
4,095033 
4,100205 
4,111958 
4,120325 
4,126861 
4,132013 
4,137279 
4,144586 
4,149987 
4,155198 
4,162011 
4,167339 
4,172791 
4,179501 
4,184819 
4,191486 
4,196824 
4,201929 
4,208366 
4,213551 
4,218729 
4,225316 
4,230381 
4,235545 
4,266922 
4,274997 
4,281583 
4,286912 
4,29351 
4,298622 
4,303638 
4,310173 
4,315345 
4,32056 
4,327041 
4,332274 
4,337425 
4,34444 
4,349638 
4,354728 
4,36177 
4,36696 
4,372378 
4,379369 
4,384497 
4,390939 
4,396205 
4,401263 
4,408053 
4,412986 
4,418255 
4,424934 
4,430003 
4,43525 
4,442134 
4,447042 
4,452236 
4,458805 
4,463881 
4,469076 
4,475644 
4,480582 
4,485728 
4,492286 
4,497662 
4,502799 
4,509365 
4,514539 
4,519701 
4,526402 
4,531513 
4,536708 
4,543342 
4,548394 
4,553644 
4,56022 
4,56539 
4,57065 
4,577254 
4,582346 
4,58759 
4,594245 
4,599431 
4,604732 
4,611334 
4,616348 
4,621496 
4,628154 
4,633472 
4,638571 
4,645514 
4,650985 
4,656226 
4,662848 
4,668124 
4,67494 
4,680307 
4,6854 
4,691941 
4,697103 
4,702285 
4,708798 
4,713744 
4,718804 
4,725564 
4,730557 
4,73585 
4,742554 
4,74768 
4,752743 
4,759153 
4,764118 
4,769327 
4,775922 
4,780873 
4,786069 
4,792615 
4,797629 
4,803962 
4,811036 
4,816514 
4,821615 
4,828332 
4,833644 
4,8387 
4,845544 
4,850629 
4,855681 
4,862412 
4,867523 
4,872535 
4,879323 
4,884503 
4,89098 
4,896168 
4,901292 
4,907807 
4,913119 
4,91827 
4,925165 
4,93021 
4,935278 
4,942268 
4,947247 
4,952536 
4,959332 
4,964246 
4,969503 
4,976199 
4,981213 
4,986384 
4,992826 
4,997797 
5,002896 
5,009457 
5,014585 
5,019825 
5,026161 
5,031347 
5,036363 
5,043024 
5,048077 
5,053284 
5,063507 
5,070158 
5,077485 
5,083151 
5,088865 
5,095947 
5,101321 
5,10823 
5,114101 
5,119156 
5,127036 
5,133906 
5,138983 
5,145588 
5,150594 
5,155713 
5,162561 
5,167693 
5,172915 
5,179678 
5,184744 
5,191351 
5,196674 
5,201884 
5,20875 
5,21386 
5,219018 
5,225497 
5,230462 
5,23565 
5,242215 
5,247331 
5,252488 
5,258891 
5,264215 
5,269368 
5,275918 
5,280993 
5,28612 
5,292707 
5,297959 
5,303031 
5,309639 
5,314651 
5,319833 
5,326311 
5,33142 
5,336589 
5,343331 
5,348419 
5,35357 
5,360556 
5,36576 
5,371033 
5,3777 
5,382985 
5,388301 
5,395078 
5,400412 
5,405587 
5,412403 
5,417829 
5,424509 
5,429802 
5,43492 
5,441481 
5,446748 
5,452002 
5,458591 
5,463628 
5,468914 
5,476031 
5,481252 
5,486255 
5,492671 
5,497593 
5,502716 
5,50914 
5,514184 
5,519361 
5,525847 
5,530829 
5,535905 
5,542503 
5,547616 
5,552755 
5,559243 
5,564244 
5,569958 
5,576461 
5,581743 
5,586987 
5,593503 
5,598571 
5,603775 
5,610432 
5,615592 
5,620697 
5,627205 
5,632549 
5,637792 
5,644506 
5,649686 
5,654933 
5,661615 
5,666888 
5,672017 
5,678747 
5,683884 
5,688935 
5,695457 
5,70065 
5,705751 
5,712346 
5,717352 
5,722954 
5,729736 
5,735314 
5,742734 
5,748409 
5,754014 
5,761116 
5,769627 
5,778296 
5,783977 
5,789856 
5,797497 
5,803396 
5,811319 
5,817474 
5,823691 
5,830927 
5,836533 
5,843652 
5,849331 
5,855461 
5,862251 
5,86757 
5,873247 
5,87981 
5,885089 
5,891747 
5,897122 
5,902709 
5,909712 
5,915275 
5,921271 
5,92815 
5,934004 
5,939827 
5,947156 
5,953057 
5,960189 
5,965936 
5,97169 
5,978555 
5,984212 
5,990085 
5,997234 
6,003029 
6,010023 
6,015129 
6,020478 
6,028838 
6,034349 
6,039851 
6,048162 
6,054956 
6,063093 
6,069997 
6,07662 
6,084189 
6,091946 
6,098616 
6,10395 
6,110531 
6,117297 
6,12256 
6,129094 
6,134277 
6,13985 
6,146565 
6,151741 
6,158458 
6,163885 
6,169287 
6,17597 
6,181674 
6,187188 
6,194047 
6,199493 
6,205221 
6,211977 
6,217489 
6,222771 
6,229393 
6,234703 
6,241398 
6,246661 
6,251867 
6,258646 
6,263751 
6,268741 
6,275426 
6,280581 
6,285924 
6,292555 
6,297624 
6,302908 
6,309392 
6,314372 
6,319612 
6,326143 
6,331252 
6,336649 
6,343294 
6,34863 
6,353738 
6,360349 
6,365456 
6,370541 
6,377092 
6,382317 
6,387386 
6,394076 
6,39929 
6,404281 
6,410832 
6,416082 
6,421316 
6,427885 
6,433083 
6,438416 
6,445206 
6,450649 
6,455671 
6,462191 
6,467469 
6,472544 
6,479154 
6,484297 
6,489746 
6,496402 
6,501619 
6,508119 
6,513304 
6,518468 
6,525083 
6,530336 
6,535645 
6,542408 
6,547415 
6,552447 
6,559051 
6,56415 
6,569347 
6,576055 
6,58137 
6,586555 
6,593113 
6,598276 
6,603636 
6,610135 
6,615319 
6,620705 
6,627253 
6,63234 
6,637386 
6,644097 
6,649241 
6,654353 
6,664166 
6,671914 
6,678668 
6,70988 
6,717438 
6,722572 
6,729372 
6,734858 
6,741318 
6,746393 
6,751708 
6,758141 
6,763042 
6,768264 
6,775035 
6,780005 
6,785185 
6,791824 
6,797322 
6,803004 
6,810271 
6,815666 
6,821176 
6,827804 
6,83288 
6,838096 
6,844659 
6,849727 
6,854722 
6,861359 
6,866426 
6,871562 
6,878112 
6,885711 
6,893913 
6,899332 
6,904639 
6,911271 
6,91663 
6,921882 
6,928519 
6,933758 
6,938941 
6,945584 
6,950966 
6,955997 
6,962981 
6,968153 
6,974723 
6,980255 
6,985617 
6,992296 
6,997275 
7,002546 
7,009009 
7,014031 
7,019186 
7,025826 
7,030809 
7,03598 
7,042662 
7,047633 
7,052801 
7,059248 
7,065789 
7,072473 
7,079462 
7,084739 
7,091438 
7,096713 
7,102083 
7,108554 
7,113503 
7,118933 
7,125564 
7,130627 
7,136161 
7,143133 
7,148994 
7,154549 
7,161849 
7,16763 
7,173897 
7,180761 
7,186387 
7,193351 
7,198898 
7,204544 
7,211564 
7,216946 
7,222348 
7,229177 
7,234498 
7,241213 
7,247028 
7,25278 
7,259778 
7,265608 
7,271367 
7,278453 
7,284183 
7,289699 
7,296833 
7,304561 
7,312835 
7,318741 
7,325345 
7,330263 
7,335592 
7,343782 
7,348801 
7,354222 
7,360888 
7,367724 
7,375656 
7,381069 
7,386211 
7,392963 
7,398036 
7,403652 
7,410276 
7,41568 
7,422119 
7,43036 
7,435899 
7,44321 
7,448543 
7,454204 
7,461383 
7,467207 
7,472715 
7,483837 
7,491321 
7,498314 
7,504097 
7,511265 
7,517203 
7,52314 
7,530263 
7,536006 
7,543215 
7,548721 
7,55463 
7,562051 
7,567762 
7,575029 
7,581132 
7,587083 
7,59404 
7,59974 
7,605389 
7,61508 
7,622456 
7,629828 
7,635652 
7,642566 
7,647965 
7,653697 
7,660855 
7,666565 
7,672005 
7,678852 
7,684142 
7,689508 
7,696085 
7,701298 
7,708212 
7,713733 
7,719358 
7,726253 
7,731716 
7,738702 
7,74752 
7,753276 
7,760231 
7,765986 
7,771603 
7,779105 
7,784659 
7,791467 
7,7973 
7,803394 
7,811296 
7,817514 
7,823465 
7,83066 
7,836367 
7,843596 
7,849173 
7,855031 
7,862432 
7,868201 
7,875421 
7,881136 
7,887093 
7,894151 
7,899876 
7,9059 
7,913957 
7,921103 
7,92858 
7,935338 
7,943354 
7,949672 
7,956151 
7,963815 
7,970137 
7,977711 
7,983912 
7,991092 
7,99865 
8,004789 
8,012921 
8,019238 
8,027414 
8,033038 
8,03903 
8,046401 
8,05174 
8,058276 
8,063217 
8,068391 
8,074965 
8,080579 
8,085771 
8,092644 
8,097543 
8,102583 
8,109221 
8,1143 
8,119491 
8,126425 
8,13166 
8,136992 
8,143824 
8,148819 
8,153769 
8,160674 
8,165945 
8,171037 
8,177451 
8,183138 
8,18835 
8,195106 
8,200201 
8,20802 
8,216144 
8,221273 
8,22787 
8,233326 
8,238302 
8,245008 
8,250154 
8,255226 
8,26234 
8,267495 
8,272583 
8,279577 
8,284842 
8,29136 
8,296625 
8,301858 
8,308767 
8,313914 
8,319322 
8,326097 
8,33104 
8,336205 
8,342833 
8,347782 
8,353007 
8,359504 
8,364738 
8,370348 
8,378876 
8,386657 
8,393744 
8,3992 
8,405007 
8,41245 
8,417787 
8,424597 
8,429827 
8,434918 
8,44143 
8,446475 
8,451667 
8,458435 
8,463727 
8,469527 
8,476357 
8,482014 
8,487735 
8,495009 
8,500796 
8,506738 
8,513823 
8,519557 
8,526444 
8,534377 
8,543344 
8,549212 
8,55476 
8,561871 
8,567554 
8,573733 
8,581255 
8,587397 
8,595175 
8,600941 
8,606786 
8,614193 
8,620667 
8,627653 
8,632917 
8,63821 
8,645114 
8,65019 
8,655459 
8,662486 
8,667789 
8,674889 
8,680377 
8,68572 
8,692459 
8,698038 
8,704063 
8,713354 
8,720801 
8,728408 
8,733895 
8,739746 
8,746887 
8,752295 
8,759698 
8,765037 
8,771046 
8,778283 
8,783655 
8,789577 
8,796879 
8,802615 
8,809667 
8,815452 
8,820856 
8,828007 
8,833486 
8,838831 
8,845774 
8,851124 
8,858088 
8,863403 
8,868758 
8,875574 
8,880876 
8,889122 
8,8977 
8,90295 
8,90976 
8,915807 
8,921701 
8,929342 
8,935928 
8,943725 
8,950649 
8,958269 
8,965197 
8,970401 
8,978599 
8,984528 
8,991619 
8,998016 
9,003682 
9,010594 
9,015744 
9,021636 
9,029497 
9,037249 
9,046384 
9,052857 
9,059751 
9,065413 
9,07191 
9,079385 
9,086179 
9,094666 
9,101681 
9,111934 
9,120104 
9,127975 
9,1339 
9,139399 
9,147305 
9,15421 
9,161864 
9,167823 
9,174916 
9,18057 
9,186588 
9,193485 
9,199104 
9,204874 
9,211946 
9,217443 
9,223457 
9,231106 
9,23737 
9,275145 
9,285223 
9,292424 
9,297992 
9,303167 
9,309648 
9,314836 
9,32005 
9,32671 
9,331826 
9,337249 
9,344136 
9,349333 
9,354456 
9,361468 
9,367048 
9,37228 
9,379537 
9,384988 
9,391864 
9,396859 
9,402169 
9,40876 
9,414229 
9,419405 
9,426672 
9,433906 
9,441648 
9,449072 
9,455312 
9,4631 
9,469198 
9,477062 
9,483324 
9,490119 
9,497955 
9,50395 
9,511389 
9,517475 
9,523701 
9,531227 
9,537615 
9,545223 
9,551107 
9,558296 
9,564651 
9,570534 
9,578134 
9,584106 
9,59004 
9,597634 
9,603995 
9,611437 
9,617233 
9,623098 
9,630988 
9,637139 
9,644544 
9,651049 
9,659017 
9,664893 
9,670895 
9,677979 
9,684738 
9,692104 
9,698362 
9,704453 
9,712516 
9,718601 
9,726242 
9,731693 
9,73716 
9,744013 
9,749537 
9,755447 
9,763577 
9,769805 
9,777205 
9,783134 
9,78916 
9,796301 
9,802182 
9,809962 
9,815703 
9,821672 
9,829173 
9,835402 
9,843049 
9,848932 
9,854964 
9,862409 
9,868639 
9,875922 
9,881797 
9,887734 
9,894677 
9,900536 
9,905959 
9,913711 
9,919587 
9,92709 
9,93273 
9,93869 
9,94636 
9,952525 
9,959949 
9,966001 
9,972042 
9,979665 
9,985899 
9,993681 
9,999773 
10,00603 
10,01394 
10,02008 
10,02747 
10,03674 
10,04583 
10,05395 
10,06152 
10,06734 
10,07323 
10,08107 
10,0871 
10,09427 
10,10039 
10,10633 
10,11362 
10,12174 
10,12918 
10,13538 
10,14321 
10,14912 
10,15498 
10,16244 
10,16837 
10,17555 
10,18361 
10,18972 
10,19724 
10,20326 
10,21071 
10,21659 
10,22299 
10,23189 
10,23792 
10,24573 
10,2525 
10,26421 
10,27173 
10,28131 
10,28745 
10,29666 
10,30244 
10,30897 
10,31406 
10,31942 
10,32666 
10,33199 
10,33768 
10,34459 
10,3499 
10,35549 
10,36238 
10,36775 
10,37464 
10,38052 
10,3861 
10,39345 
10,39923 
10,405 
10,41231 
10,41814 
10,4252 
10,43079 
10,43641 
10,44321 
10,44869 
10,4545 
10,46116 
10,46694 
10,47245 
10,47969 
10,48547 
10,49256 
10,4979 
10,50336 
10,51021 
10,51565 
10,52155 
10,52901 
10,53481 
10,54248 
10,54849 
10,55433 
10,56206 
10,56764 
10,57321 
10,58074 
10,5863 
10,59346 
10,59955 
10,60562 
10,61308 
10,619 
10,62627 
10,63173 
10,63738 
10,6447 
10,65037 
10,65611 
10,66399 
10,67006 
10,67719 
10,68305 
10,68881 
10,69579 
10,70117 
10,70819 
10,71374 
10,71907 
10,72594 
10,73163 
10,73693 
10,74397 
10,74969 
10,75762 
10,76501 
10,77034 
10,77707 
10,78272 
10,79029 
10,7971 
10,80247 
10,80979 
10,81518 
10,82035 
10,82959 
10,83485 
10,84224 
10,84763 
10,85297 
10,86238 
10,8677 
10,87427 
10,87961 
10,8852 
10,89442 
10,89985 
10,90528 
10,91255 
10,91775 
10,9274 
10,93274 
10,93798 
10,94489 
10,9502 
10,95812 
10,96506 
10,97045 
10,9777 
10,98303 
10,99177 
10,99872 
11,00397 
11,01181 
11,01764 
11,02573 
11,0332 
11,03921 
11,04669 
11,05569 
11,06362 
11,06973 
11,07765 
11,08332 
11,09249 
11,09912 
11,10435 
11,11186 
11,11755 
11,12558 
11,1323 
11,1374 
11,14408 
11,14923 
11,15693 
11,16346 
11,16878 
11,17549 
11,18061 
11,18829 
11,19522 
11,20038 
11,20573 
11,21252 
11,21979 
11,22647 
11,232 
11,23737 
11,24443 
11,24978 
11,25743 
11,2645 
11,26969 
11,27651 
11,2816 
11,28897 
11,29614 
11,30175 
11,3086 
11,31368 
11,32171 
11,32853 
11,33422 
11,33937 
11,3467 
11,35487 
11,36226 
11,36789 
11,37535 
11,3815 
11,38989 
11,39735 
11,40323 
11,41041 
11,41915 
11,42626 
11,43221 
11,4404 
11,45241 
11,46138 
11,46782 
11,47961 
11,48835 
11,49748 
11,50371 
11,51137 
11,52055 
11,52808 
11,53406 
11,54047 
11,5502 
11,55604 
11,56364 
11,56959 
11,57708 
11,5853 
11,59226 
11,59756 
11,60332 
11,61059 
11,61831 
11,62555 
11,63181 
11,63762 
11,64484 
11,65353 
11,66084 
11,66653 
11,67274 
11,68211 
11,68815 
11,69563 
11,70144 
11,7086 
11,71716 
11,72347 
11,73206 
11,73838 
11,74854 
11,75485 
11,76309 
11,76937 
11,77689 
11,78542 
11,79286 
11,79895 
11,80536 
11,81803 
11,82571 
11,83185 
11,83806 
11,8497 
11,85585 
11,86336 
11,86931 
11,87949 
11,8852 
11,92225 
11,9306 
11,93656 
11,94609 
11,95199 
11,95924 
11,96635 
11,97191 
11,98245 
11,98826 
11,99572 
12,00136 
12,00855 
12,01798 
12,02501 
12,03046 
12,03597 
12,04526 
12,05029 
12,05562 
12,06245 
12,06756 
12,07264 
12,08181 
12,08726 
12,09429 
12,09981 
12,10564 
12,11524 
12,12069 
12,12781 
12,13336 
12,1387 
12,14778 
12,15305 
12,15952 
12,16476 
12,16998 
12,1792 
12,18469 
12,19183 
12,19708 
12,20241 
12,2112 
12,21634 
12,2216 
12,22861 
12,2342 
12,24637 
12,25486 
12,26234 
12,26825 
12,28107 
12,28783 
12,29496 
12,30022 
12,30538 
12,31223 